-0.1 -0.48 -0.360326105513709 -0.0203261055137088 -0.880301632585006 0.0199853858237397 -0.3 -0.420017167156758 0.28 -0.154181155995348 0.0106902584526746 0.423196000281148 0.661533016517221 -0.24036271816737 -0.239279306104199 0.780938285296453 0.220842272766413 -0.710262106606443 0.530351304412268 -0.017373386242047 -0.931477764474323 0.381220658320449 0.981213473751898 0.882625550990826 0.666349379255399 0.214128512569538 0.331333113051718 -0.60607227236763 -0.321208762429856 0.686844599693237 0.0968867749306366 -0.894998529369228 -0.493398635210062 1.0206478581608 0.991261471005709 0.268278074044931 -0.12795526094108 0.987834056585032 0.752645341025012 0.702710803108737 0.605620802287044 -0.298602667059883 -0.303663453118306 -0.0239610891813262 -0.18336929962391 0.18411700471449 -0.807488307115709 0.926522140848947 0.602449055241654 0.252545821339262 -0.746797556539925 -0.619862252161144 0.99793096045516 0.0737757687402264 -0.287377382229035 0.524438235932281 -0.48 -0.23512485266413 0.330036514531813 -0.0763344212980331 0.683070901829747 -0.693276347228035 0.922135424660728 0.600942474978703 0.666762431645331 

-0.1 -0.48 -0.360222137721355 -0.0202221377213546 -0.882167779596816 0.0178679882896554 -0.3 -0.420031619446343 0.28 -0.121033361941442 0.057138852347085 0.452219388550914 0.668551911242359 -0.242555281368459 -0.238903235561569 0.78282026453867 0.227191974669532 -0.599675473932413 0.556492994054565 -0.00708736257778598 -0.885392953528194 0.382085855342166 0.982113955658284 0.887137903808654 0.695573609106376 0.326408795380726 0.353948320263561 -0.56226012233886 -0.255845259504101 0.700592546523555 0.134276693751234 -0.835961118796745 -0.462798640284516 1.14656211060547 1.01439985751081 0.354842088366647 -0.0356931903525057 1.05564003108706 0.788425108880659 0.792895764907873 0.626643935553119 -0.109187465997383 -0.191619639819541 0.0991796375320438 -0.0498580406543515 0.273593178460984 -0.702339432340049 1.00570098098786 0.60682100747688 0.358671917785764 -0.628436626690176 -0.563876899127693 1.03811746279145 0.107272184394915 -0.25197265225574 0.533174649861477 -0.48 -0.225111503328918 0.350534478219873 -0.0679276435935844 0.689087839719794 -0.680597552661128 0.923914861250362 0.60042380018 0.454612601149357 

-0.1 -0.48 -0.360312343099374 -0.0203123430993737 -0.881756188952876 0.0183537291729941 -0.3 -0.420036840189061 0.28 -0.135691895776019 0.0380269198078174 0.438198515178124 0.665405868100793 -0.242089879512781 -0.239073388348108 0.782299233597623 0.224448583542326 -0.641924462024668 0.547302995891239 -0.011370572225501 -0.9046905807287 0.381795693266076 0.981788470126937 0.885970873962853 0.683981584026151 0.284788783870501 0.347411431477577 -0.57760880260258 -0.280345203632886 0.696581243245393 0.121711856727489 -0.855543995524786 -0.474714032668013 1.10151356136897 1.00732944923021 0.323637522656327 -0.0692554199417741 1.03287612751012 0.775931923456636 0.758682840319512 0.618537709258466 -0.177768524578394 -0.233646503636631 0.0542240261156767 -0.0999772891420523 0.238206297631014 -0.741877579133976 0.978297035207656 0.605537800610967 0.320550585680153 -0.672458872955948 -0.5837954017349 1.02533101654312 0.0962158713865407 -0.263510126813688 0.530420642517419 -0.48 -0.228336970707786 0.344541568015386 -0.0703183816865833 0.687396712920846 -0.685132048107479 0.923458917845177 0.600421349448936 0.53014588695263 

-0.1 -0.48 -0.360251788311683 -0.0202517883116829 -0.879717351147068 0.0206038868938445 -0.3 -0.419996637583598 0.28 -0.157078538564366 0.00545448994008248 0.422055176364755 0.661162711379931 -0.239631123723253 -0.239309717756277 0.780491393375691 0.220364024034543 -0.725248359841412 0.526021851087928 -0.0183292599456588 -0.936103077527335 0.381045242093462 0.981044146762286 0.881389104587257 0.66317974391094 0.197658566960863 0.325794102764388 -0.61321703492984 -0.330647011775783 0.683557234609171 0.0900320386572081 -0.905972189205425 -0.496943398683781 1.00016964492586 0.986079373694844 0.25522044284932 -0.142226344299255 0.975225824505085 0.746489645720163 0.690046994852059 0.603006662798835 -0.328065941689879 -0.319510959046585 -0.042721706042463 -0.202338264335747 0.173033873162034 -0.822581866025627 0.913431033635347 0.601482563025719 0.235892756020442 -0.764166739811901 -0.628697699465438 0.990028694797203 0.0677592472332795 -0.293902535856241 0.522743302495942 -0.48 -0.237264510924637 0.325244613384384 -0.0783791929278796 0.681533345714486 -0.69521763695761 0.921559724938304 0.60126871025478 0.701175041278671 

-0.1 -0.48 -0.360064212266001 -0.0200642122660007 -0.882611897409157 0.0173513904546267 -0.3 -0.420014798788676 0.28 -0.0775778597224386 0.103634401137727 0.48386956666215 0.67676039918852 -0.24305095345757 -0.238232948234294 0.783827158989562 0.231619772362192 -0.481618379060569 0.583943067619599 0.0051484712167302 -0.840850482074206 0.382872022955918 0.983157177725557 0.889444557835401 0.723027111038183 0.450918428356576 0.372748566587026 -0.521136606722174 -0.196315178458275 0.711327439373882 0.177514558606532 -0.771938488863814 -0.435173360884135 1.2790219782635 1.03608524401613 0.440185940635498 0.0622171033681441 1.13450778130012 0.832475171161554 0.897733145905639 0.645352065265949 0.0941778062287856 -0.07231191221008 0.223185841458259 0.0926944099915322 0.370878684052242 -0.594692461217596 1.07616663604897 0.609765203683146 0.467192770405901 -0.503360218908477 -0.500775594853236 1.07516109104356 0.138952283634977 -0.22050567015474 0.540553331263192 -0.48 -0.214577772102236 0.366485358246993 -0.0621107383952376 0.693519491500335 -0.665764415298211 0.925158979628604 0.600858425558595 0.2306176807823 

-0.1 -0.48 -0.360202602420198 -0.0202026024201982 -0.879406922256059 0.0209244534350099 -0.3 -0.419983142077188 0.28 -0.158213126187894 0.00318676909858827 0.42187169738981 0.661082952029173 -0.23923282330908 -0.239323808966943 0.780267626909314 0.220197580711966 -0.731948641827857 0.523975120143482 -0.0186968190512181 -0.937996220036485 0.380949422583083 0.980949227648942 0.880736382892634 0.661913980218331 0.19016816802161 0.322913544150387 -0.616544889255757 -0.334969288096504 0.681853979343939 0.0867459145655876 -0.911231878110289 -0.498402468469781 0.990521461729874 0.983439713010575 0.249286186196196 -0.148811263422077 0.969113024830876 0.743549878900936 0.684330714375982 0.601882770894884 -0.3417071917297 -0.326627001722155 -0.051359581894962 -0.210938595204182 0.168173666335337 -0.829478185230013 0.907339417032528 0.601004557019802 0.228147004064056 -0.772115975421189 -0.632758099341046 0.986210988575374 0.0649325565462089 -0.296995515575772 0.521935831861734 -0.48 -0.238367012269716 0.322801558635114 -0.0794320017862481 0.680724640566957 -0.696096194424563 0.921229232467087 0.601458852329558 0.717293094207881 

-0.1 -0.48 -0.360346729044615 -0.020346729044615 -0.881488151397873 0.0186646061308742 -0.3 -0.420037207125533 0.28 -0.141532468577663 0.029950755055565 0.432813121697788 0.664110578954704 -0.241781321744906 -0.239141213425067 0.782006911134462 0.223284495283004 -0.660746834700839 0.54297474383287 -0.0131956753305065 -0.912815306699199 0.381654430702425 0.981639356077082 0.88529535875115 0.678849592007176 0.265916121241582 0.343946321810613 -0.584889995387188 -0.291398500032739 0.694456731500202 0.115658995895882 -0.86509019150352 -0.480055132020526 1.08065070739876 1.00371535704643 0.30906425129875 -0.084638172772184 1.02191862641261 0.770070606179731 0.74346988207375 0.614896673983513 -0.209375323794031 -0.252587132549578 0.0335954288203446 -0.122562082067258 0.22281468458669 -0.759639984229281 0.965130621891674 0.60485003563246 0.302804532753945 -0.692376470865638 -0.593114223535153 1.01888067995957 0.0907394782722532 -0.269278719498245 0.529012621688362 -0.48 -0.229918306941708 0.341361782807284 -0.0716129285413419 0.686482595110788 -0.687248801133681 0.923205445743992 0.600470603188746 0.565325560343864 

-0.1 -0.48 -0.360268423494554 -0.0202684234945538 -0.881982297423459 0.0180880266351201 -0.3 -0.420034737205139 0.28 -0.128803596404265 0.0471893417445227 0.444768482394736 0.666908174142986 -0.24234679174555 -0.238993356174806 0.782571556859397 0.225780505746344 -0.62139789304642 0.55183274889832 -0.00931317291085709 -0.895432015661298 0.381940684505563 0.981947901841333 0.886585275109304 0.689628751283788 0.305081182502745 0.350742692429897 -0.570015254741781 -0.268383268719813 0.6986283427419 0.127927034299215 -0.845814107010749 -0.468887872324317 1.12360499267221 1.01089135155537 0.339025783022044 -0.0528460960367624 1.04413220558219 0.782065054994012 0.775251885363315 0.622502540592504 -0.144170311294045 -0.213173618453899 0.0762417041680631 -0.0755575697038105 0.255286388679806 -0.722626760722662 0.991934082985806 0.606197150612574 0.339310148351559 -0.650994125517082 -0.573999213618109 1.03176284250614 0.101755877849429 -0.257709740096352 0.531813980673234 -0.48 -0.226733917396943 0.347602732590962 -0.0690880937338712 0.688264596198597 -0.682905049813844 0.923693751697717 0.600407781497033 0.493035831335924 

-0.1 -0.48 -0.359769722820852 -0.0197697228208516 -0.877220610375893 0.023037872153529 -0.3 -0.419835098656758 0.28 -0.162392609192451 -0.00821293500572876 0.424359473732502 0.661575606191351 -0.236199671019195 -0.239474022847344 0.778878274683288 0.219827507819586 -0.766328753051948 0.511733042260941 -0.0202045606625279 -0.946239709690034 0.379965865877037 0.979890733659139 0.875923229130092 0.657519846262664 0.150649766915396 0.302342766125982 -0.635205901019457 -0.358683714283 0.669590482834615 0.0675427483757061 -0.941839976171679 -0.504177206610666 0.934680346746682 0.965405686156197 0.218147655615032 -0.184518317985042 0.931641179710113 0.725939054721521 0.654433639987201 0.596688216840154 -0.417066378785077 -0.362518504342463 -0.0982401250378906 -0.256982061378942 0.143744289072648 -0.866899045621496 0.873873610537408 0.598044691338062 0.18443123556934 -0.815202762728647 -0.654528800846589 0.963703422917799 0.0493516038160599 -0.314572352912039 0.517365157625509 -0.48 -0.246379497927903 0.306325409357719 -0.0867036798691331 0.674792406151131 -0.700746362521958 0.918202041528768 0.603010445211061 0.80860912722502 

-0.1 -0.48 -0.360357602816682 -0.0203576028166819 -0.880702123545461 0.019549544499079 -0.3 -0.420027407413274 0.28 -0.151322032414164 0.0153970041015422 0.424910464060473 0.662034362162164 -0.240851297182538 -0.239250037730226 0.781269238377109 0.221361518672197 -0.697396699833744 0.533846706848687 -0.0164162703223486 -0.927092281874152 0.381346979657963 0.981334240496933 0.883491310874269 0.669363708536056 0.227952796866596 0.335297443912887 -0.600237124830123 -0.313304030887829 0.689214908034163 0.102276781768065 -0.88637933555202 -0.490114242617743 1.03720523670217 0.995068495648304 0.279229662094391 -0.116183773717826 0.997659997005753 0.757543449040484 0.713449394987999 0.607955722657726 -0.274343292365614 -0.29019061211677 -0.00841926380073154 -0.167327370080265 0.193876911520485 -0.794818616685565 0.93719700605452 0.603177367467576 0.266220442251387 -0.732277131323626 -0.612558169430014 1.00406704176576 0.0785975730992183 -0.282193666179545 0.525770813850702 -0.48 -0.233556792727329 0.333539488976872 -0.0748569393470939 0.684156826252835 -0.691646119062212 0.92250348838106 0.600748682048427 0.63880603921209 

-0.1 -0.48 -0.360228093947265 -0.0202280939472646 -0.879563496865225 0.020763447026951 -0.3 -0.419990171061211 0.28 -0.157668809765378 0.00429539645113755 0.421935522347669 0.661115092949043 -0.239434582502097 -0.239316735472964 0.780379442359389 0.220275543036561 -0.728658660939747 0.524989834760392 -0.0185209503352276 -0.937080168794453 0.38099827900409 0.980997882843861 0.881065602385364 0.662522330771494 0.193855676619981 0.324363172089784 -0.61489994810117 -0.332837991743392 0.682710845136467 0.0883773195653723 -0.908621023641095 -0.497696987066293 0.99530047955138 0.984763732772095 0.252206981921707 -0.145562002365119 0.972154541685766 0.7450093331851 0.687141700963107 0.602430814517299 -0.334970848977474 -0.32313196296217 -0.0470981868742624 -0.206705261089159 0.170553269643452 -0.826079075210065 0.910349140713038 0.60124299669329 0.231975839972126 -0.768197446598336 -0.630756133253317 0.988108271341257 0.0663307451110849 -0.29546311834592 0.522336080260118 -0.48 -0.237812520170983 0.324026789642427 -0.0789031390768486 0.681132380260978 -0.695664127323604 0.921398314781155 0.601361655717441 0.709318450174609 

-0.1 -0.48 -0.359517351161744 -0.0195173511617439 -0.87602995240191 0.0240917373271665 -0.3 -0.419706700091864 0.28 -0.163377153318041 -0.0131984893647093 0.426932061000923 0.662127259360928 -0.234323527881577 -0.239627668149368 0.778238972091399 0.219903074974668 -0.780404850517164 0.505300447018494 -0.0210261012184596 -0.949348034981095 0.378962755477683 0.978759155032062 0.872884563855202 0.657071084086277 0.134012864483762 0.289945773175871 -0.643819087622794 -0.369607633491485 0.661938818972512 0.0585827255697029 -0.956008267601112 -0.505515283695811 0.90782895642889 0.955024771115135 0.20521960163821 -0.199980731279112 0.912387296947012 0.717035933950667 0.641770169650242 0.594898586995043 -0.450968271716227 -0.376093683675283 -0.118583316054736 -0.277558961830326 0.133510910448153 -0.883473849678591 0.85934858965004 0.596565164581287 0.164038409961008 -0.834347736379292 -0.663858119636602 0.953131783074247 0.0426448766315229 -0.322605016225689 0.515309892454551 -0.48 -0.25143603137304 0.297184003421209 -0.0908517586903212 0.671124365631933 -0.702921084774597 0.915839785784474 0.603939460575744 0.850896091622938 

-0.1 -0.48 -0.359151553824669 -0.0191515538246692 -0.87418529948839 0.0255967281172854 -0.3 -0.419396282082511 0.28 -0.164405402833176 -0.0215096711513581 0.431473081153447 0.66291356283979 -0.230874793190608 -0.239946742512094 0.77748338410553 0.220201386504616 -0.800406084662256 0.493563977282036 -0.0235614549315769 -0.954800961399747 0.375975637246573 0.975349252718809 0.866819099639256 0.658141749164211 0.109800956655075 0.266700613709444 -0.657346638185288 -0.387439341257276 0.646752649684944 0.0450002565494916 -0.977312835099353 -0.506348120207598 0.864408694072577 0.936159135420398 0.186881459969131 -0.222856879004629 0.879496269704127 0.701900363665509 0.622722801688828 0.592728752419743 -0.502932962697345 -0.39273490255853 -0.148341500339761 -0.310515319328372 0.117652199691774 -0.908352717711202 0.83841644877982 0.594146636995022 0.132224581461935 -0.863935089209052 -0.67769947435081 0.936941011112374 0.0328868435424794 -0.335054120300265 0.512107875014665 -0.48 -0.261254739371346 0.281546774135257 -0.0980833174239311 0.664227338899652 -0.707049610624877 0.910588134376034 0.605346751614211 0.916741741052185 

-0.1 -0.48 -0.360365126957305 -0.0203651269573047 -0.881178176969859 0.0190183438237101 -0.3 -0.420035124521202 0.28 -0.146336474029596 0.0230200881642399 0.428671387349425 0.663056639798913 -0.24141905928297 -0.239195978277681 0.781698565309176 0.222325825860731 -0.677678156626161 0.538890505870917 -0.0147552534318794 -0.919704750678321 0.381518987986563 0.981502022212973 0.884560327558889 0.67434696569017 0.248613265703491 0.340339487093025 -0.591765698771383 -0.301434615643999 0.692258605561826 0.109790107701633 -0.874401009555203 -0.484791301630675 1.06114799236408 1.00004772891565 0.295530521594136 -0.0988945126366656 1.01129167463118 0.764504574718828 0.729690543351739 0.611651527939523 -0.238725632914527 -0.26982233879928 0.0145452597127108 -0.14309224482242 0.209254506828145 -0.775763566266445 0.95264325017584 0.604141439897108 0.286283725316685 -0.710584163042194 -0.601859607576397 1.012468721259 0.0854019909025041 -0.274933893037453 0.527608200709499 -0.48 -0.231481894605668 0.338074086692733 -0.07296670897377 0.685520061231088 -0.68923249124938 0.922926977829452 0.600560447823677 0.598298878365607 

-0.1 -0.48 -0.360365126957305 -0.0203651269573047 -0.881178176969859 0.0190183438237101 -0.3 -0.420035124521202 0.28 -0.146336474029596 0.0230200881642399 0.428671387349425 0.663056639798913 -0.24141905928297 -0.239195978277681 0.781698565309176 0.222325825860731 -0.677678156626161 0.538890505870917 -0.0147552534318794 -0.919704750678321 0.381518987986563 0.981502022212973 0.884560327558889 0.67434696569017 0.248613265703491 0.340339487093025 -0.591765698771383 -0.301434615643999 0.692258605561826 0.109790107701633 -0.874401009555203 -0.484791301630675 1.06114799236408 1.00004772891565 0.295530521594136 -0.0988945126366656 1.01129167463118 0.764504574718828 0.729690543351739 0.611651527939523 -0.238725632914527 -0.26982233879928 0.0145452597127108 -0.14309224482242 0.209254506828145 -0.775763566266445 0.95264325017584 0.604141439897108 0.286283725316685 -0.710584163042194 -0.601859607576397 1.012468721259 0.0854019909025041 -0.274933893037453 0.527608200709499 -0.48 -0.231481894605668 0.338074086692733 -0.07296670897377 0.685520061231088 -0.68923249124938 0.922926977829452 0.600560447823677 0.598298878365607 

-0.1 -0.48 -0.359018669417489 -0.0190186694174889 -0.873414378061888 0.0261757393351344 -0.3 -0.419195014069188 0.28 -0.164887986438132 -0.0258597453739029 0.433463054705491 0.66312573176379 -0.229086396481221 -0.240055088566717 0.777329217201162 0.220386239692639 -0.809119542460074 0.487172913501762 -0.0256196650328895 -0.958038207045471 0.373735502481069 0.972786698857758 0.863343746141108 0.659246750655238 0.0989438785589232 0.254267167707462 -0.663742361238676 -0.396378024044065 0.638122179661045 0.0388574752860473 -0.986828147633281 -0.506394172224748 0.843418231988414 0.926285973110961 0.178991007183465 -0.233219629258666 0.862728923693868 0.694164892860786 0.613740937892828 0.591905270625169 -0.527110008809343 -0.398624458244294 -0.161502629452593 -0.326918202790075 0.109915743284847 -0.91952983353759 0.829326551334404 0.592948794004782 0.117573507894761 -0.877984100849236 -0.684075572592647 0.929511632948692 0.0284741598594443 -0.340932445838826 0.510528761920699 -0.48 -0.266574857539424 0.273967512869452 -0.101629115460978 0.660611722691321 -0.709550870934503 0.907493415908634 0.605851923245389 0.947587184106366 

-0.1 -0.48 -0.359879143199415 -0.0198791431994151 -0.877738207565819 0.0225591521510529 -0.3 -0.41987920563772 0.28 -0.161779486650119 -0.00592506113410889 0.423411812479734 0.661364597222292 -0.236959072730981 -0.239424909727003 0.779181863993193 0.219836602469248 -0.759517639477573 0.514471871661093 -0.019910927730306 -0.944750006919231 0.380272934570679 0.980231322343651 0.877125010025663 0.658054228797619 0.158607738084704 0.307375233412177 -0.631266779650845 -0.353716979406332 0.672626990792496 0.0716606094308158 -0.935302182345371 -0.503299309832075 0.946733961486642 0.969708540361698 0.22438263182664 -0.1772050549878 0.94002529174725 0.729836893570448 0.660445534038946 0.597630170368737 -0.401351757576927 -0.355609050553941 -0.0886192673339454 -0.247500789183653 0.148580171944136 -0.859164650657427 0.88076609583615 0.59870241466165 0.193719842853573 -0.806305660365752 -0.650102036570152 0.968547663017605 0.0525491953364746 -0.31086534066043 0.518321495920673 -0.48 -0.244378478824109 0.310201932573539 -0.0849673724562612 0.676265739513793 -0.699786669181325 0.919050612307445 0.602618513274222 0.789248054358751 

-0.1 -0.48 -0.360090477940297 -0.0200904779402972 -0.882577226119322 0.0173833090771391 -0.3 -0.420018619551754 0.28 -0.0882953334458864 0.0943417166613314 0.4794801036528 0.675001417975739 -0.243010442663885 -0.238462265952799 0.783591879074267 0.231354553861051 -0.513015876051062 0.575777473195321 0.00212312369006058 -0.84884050935152 0.382641121034582 0.982817222329737 0.888868838007219 0.717389438284156 0.414540783703445 0.366598721001515 -0.531955292740835 -0.209530546802056 0.708038086240206 0.162497929868828 -0.793481257797508 -0.440754966260771 1.2403025444082 1.02886818948958 0.416504085611536 0.0342034704185159 1.10697299213716 0.817146029188549 0.867457059485239 0.641568813165404 0.0343928596343816 -0.104956243679394 0.189749650960225 0.0535880247133963 0.346373484902123 -0.622482597084473 1.05717037476182 0.608991983587391 0.435957637977709 -0.537740458046647 -0.520812968764844 1.06353590433301 0.129191998846514 -0.229780595975736 0.538361840225094 -0.48 -0.218106364488679 0.361591910540414 -0.0637849631772825 0.692164306254217 -0.670544537269446 0.924769393783088 0.600683626522156 0.297141761269072 

-0.1 -0.48 -0.359351026627581 -0.0193510266275813 -0.875220807669 0.0247712317117563 -0.3 -0.419591797687541 0.28 -0.163854673566753 -0.0166390821801948 0.428870569542567 0.662501100169254 -0.232914212796986 -0.239761507959066 0.777862009954275 0.220010215343553 -0.789251943911201 0.500556368906063 -0.0218616408458077 -0.951514028233883 0.377938563256543 0.97759290647575 0.870495931210354 0.657287720008276 0.123403557007389 0.28055010802611 -0.649603569562578 -0.377088720983911 0.655943130679284 0.052679575534048 -0.965297885127167 -0.506027677738818 0.889436975874303 0.94732131503533 0.197090464952198 -0.209954122434051 0.898731123237613 0.710746842982096 0.633551534573553 0.593886007377393 -0.473365086400763 -0.383924450811229 -0.131643761656296 -0.291459816066747 0.126757506737485 -0.894303740873491 0.850101868053182 0.59554572384981 0.150354518880322 -0.847030657359743 -0.669874177335844 0.946128533305899 0.0383716031595303 -0.327943335054147 0.513947659865495 -0.48 -0.255367093719192 0.290631138329311 -0.0938647432393182 0.668328340146243 -0.704535253293438 0.913825941270558 0.604572928918387 0.879158900616949 

-0.1 -0.48 -0.360251788311683 -0.0202517883116829 -0.879717351147068 0.0206038868938445 -0.3 -0.419996637583598 0.28 -0.157078538564366 0.00545448994008248 0.422055176364755 0.661162711379931 -0.239631123723253 -0.239309717756277 0.780491393375691 0.220364024034543 -0.725248359841412 0.526021851087928 -0.0183292599456588 -0.936103077527335 0.381045242093462 0.981044146762286 0.881389104587257 0.66317974391094 0.197658566960863 0.325794102764388 -0.61321703492984 -0.330647011775783 0.683557234609171 0.0900320386572081 -0.905972189205425 -0.496943398683781 1.00016964492586 0.986079373694844 0.25522044284932 -0.142226344299255 0.975225824505085 0.746489645720163 0.690046994852059 0.603006662798835 -0.328065941689879 -0.319510959046585 -0.042721706042463 -0.202338264335747 0.173033873162034 -0.822581866025627 0.913431033635347 0.601482563025719 0.235892756020442 -0.764166739811901 -0.628697699465438 0.990028694797203 0.0677592472332795 -0.293902535856241 0.522743302495942 -0.48 -0.237264510924637 0.325244613384384 -0.0783791929278796 0.681533345714486 -0.69521763695761 0.921559724938304 0.60126871025478 0.701175041278671 

-0.153899153515345 -0.585277798781849 -0.447058846312929 -0.0653748620120939 -1.04400226289759 -0.0213660348554379 -0.37860336651209 -0.515978871657217 0.261209019846537 -0.220772962525258 -0.043350282281863 0.411302718082903 0.666074751957442 -0.310640553378714 -0.310640553378714 0.792497101279269 0.196480391496466 -0.885535611461473 0.517806265888869 -0.0653748620120939 -0.612891533471083 

-0.163362039261447 -0.562001300449388 -0.433911924079857 -0.0815164382209938 -0.990680430487913 -0.0407469193080493 -0.370676848290024 -0.497701983211037 0.222805296398049 -0.225086218580626 -0.0611206042969334 0.364283610437598 0.607066454971575 -0.307973266644592 -0.307973266644592 0.728804867549618 0.162128539849328 -0.842200938200361 0.465364033083117 -0.0815164382209938 -0.819283735046378 

-0.148963669454148 -0.590511184815778 -0.44926993553821 -0.0583475747016787 -1.05636437041754 -0.0133477222702235 -0.379192135836765 -0.519745543914083 0.274377993460525 -0.217475253753005 -0.0358222621258587 0.426077532786693 0.681226377694281 -0.309567753174487 -0.309567753174487 0.806526154262349 0.208690379118472 -0.895903561070636 0.533130521104441 -0.0583475747016787 -0.601267356343461 

-0.249031935186491 -0.615004809685845 -0.49838579551639 -0.172362735963973 -1.01405325426785 -0.133950294309275 -0.440607110086322 -0.55648562121373 0.117640915413286 -0.306456128760811 -0.153164271054361 0.254676624359811 0.492061905685095 -0.383043132544354 -0.383043132544354 0.611820291074891 0.0592533274938953 -0.87349287280818 0.353223618049501 -0.172362735963973 -0.761787513077328 

-0.224838663697905 -0.626987638219554 -0.49753434379697 -0.142695688975277 -1.06331729587231 -0.101855704139333 -0.433684021407154 -0.561984192968325 0.160860747853806 -0.286915313904075 -0.122257988927982 0.300989377657326 0.540081335684066 -0.370423204031687 -0.370423204031687 0.659363380028079 0.100573316881418 -0.911391244376601 0.400738150214937 -0.142695688975277 -0.638454188401393 

-0.231831794507154 -0.633845935417081 -0.504639607968103 -0.149409164526292 -1.06919350632702 -0.108381025930817 -0.440856518903083 -0.568981212634105 0.156328274265741 -0.294036169926177 -0.128881447123341 0.298023079533789 0.540385496645187 -0.377612709080255 -0.377612709080255 0.661481720940264 0.0954678806034256 -0.917558113754834 0.399059080371169 -0.149409164526292 -0.635142986089639 

-0.216010209841761 -0.636357223467921 -0.50187766169868 -0.129405264498317 -1.08417759268118 -0.086295802880427 -0.435231558796366 -0.568939045855404 0.191339437478379 -0.281338868782722 -0.107835349749678 0.33931163360643 0.590977707467397 -0.369010098719892 -0.369010098719892 0.715969843969731 0.127622668619006 -0.929023806245858 0.44446057280009 -0.129405264498317 -0.618708207477218 

-0.210999295338664 -0.573219577071381 -0.457069249484645 -0.135691528987812 -0.973332321432654 -0.0979821622705139 -0.39980822495888 -0.514842709606674 0.149118564731723 -0.267470151692086 -0.1168434167932 0.284093707977296 0.519037378048825 -0.342932647442326 -0.342932647442326 0.638180676087335 0.0917172860471391 -0.83219527046466 0.381436497261831 -0.135691528987812 -0.823723288255268 

-0.18283554601479 -0.602331193946107 -0.467119891090176 -0.0975525757968453 -1.05397676407809 -0.0552279228264832 -0.40043922075354 -0.534448007664389 0.215656171119833 -0.247410693650424 -0.0763652952954694 0.359036646431548 0.60163937741203 -0.334427915126746 -0.334427915126746 0.721638375965172 0.153721331591917 -0.897789890267437 0.460575782947238 -0.0975525757968453 -0.633438221080334 

-0.22381964024857 -0.568082932535573 -0.463397848093579 -0.147261446040506 -0.916548751598759 -0.10862023687721 -0.409620892340925 -0.516185265656407 0.146780276816711 -0.28049449818803 -0.127968358894586 0.286387282160618 0.527728576649744 -0.354869772353311 -0.354869772353311 0.649072028182971 0.087318255781193 -0.790992123387291 0.38668921454841 -0.147261446040506 -0.872706332263737 

