64 20 10
0.0000000000
0.1119724113 0.2918179876 0.1498458815 0.5486312449 0.4372386853 0.0062868130 0.6252021851 0.1978209784 0.4690084536 0.3576464125 0.0767235328 0.7894528031 0.4667500839 0.2127140110 0.4687643056 0.2357249672 0.7781304361 0.7748954741 0.9514755699 0.3055513169
0.0000000000
-1.9207548034 -0.2333530110 0.3309546550 1.4022111844 0.0297538471 0.9113367675 0.7050763426 0.1215066629 1.7670885318 0.0096263355 0.0849075576 0.9447527972 0.7391676476 1.8041729961 2.8436508309 0.7805579969 0.4549037906 0.9657049661 0.6919855665 0.7105990225
0.0000000000
5.2606941069 0.8226412446 1.4016574449 6.7596775294 0.1800400927 0.4838512395 -1.2603826797 0.0203117954 -1.1327351913 0.8365779373 0.3975932243 0.8170557740 0.4004360789 -0.7689554616 -1.8061899912 0.6673563557 0.7125155567 0.9887901750 0.6185359311 0.5884778208
0.0000000000
-8.1159647514 2.0137896737 1.0386820119 2.1990929089 0.7280957326 0.3826083920 -3.0064119073 0.9837985973 -2.6027038665 0.2732981916 0.1216825936 0.0026786712 0.5525756348 -2.3011329584 0.9616583464 0.2674140579 0.0970295773 0.6621166125 0.1371226478 0.8196796774
0.0000000000
1.1916432109 0.4424627015 -1.1215044579 3.8816175454 0.5414477416 0.2806843462 2.1341849803 0.0167066014 2.6060528950 0.8910948626 0.4808746343 0.0789629705 0.3174956966 3.2057947600 0.1713588991 0.4097264591 0.6788396730 0.2807543496 0.0517404782 0.0569346032
0.0000000000
-8.7374003601 1.9652029268 0.0719482517 3.5955632233 0.4460151834 -0.0407811670 1.6288575081 0.4602114179 -1.3870047494 0.3637771347 0.8649920755 0.5809697378 0.6874759203 3.3588083469 -3.3857717338 0.9055774690 0.5826137104 0.0700085081 0.6426254954 0.6859538651
0.0000000000
-3.0747382031 0.5902299124 -0.3837570107 10.7622641515 0.8845329206 0.0591886326 -0.3828471737 0.2898881076 -6.4949189927 0.0195648514 0.7282106604 0.1413412050 0.4662579244 2.7042140016 -5.8790635286 0.7177262729 0.2654656615 0.2996660673 0.4014390960 0.3493603855
0.0000000000
5.7685480467 0.0560865557 0.1715310136 -0.2797248866 0.8712101659 0.7112494074 0.4766169820 0.4285164377 -0.2346592083 0.8941395063 0.0050665666 0.9930663887 0.5391706938 3.7281600383 -6.3316198014 0.6942410061 0.6153566029 0.2163779183 0.5028725214 0.3410688921
0.0000000000
0.6629140264 0.2070907457 0.2412479845 0.3011266816 0.4943724323 0.7078990488 0.4521491809 0.2696932567 0.5524154520 0.3387533343 0.0521559483 0.2668955987 0.3425397999 0.0863683905 0.8988713114 0.4585734183 0.4045535008 0.7649159860 0.1116994048 0.2188490026
0.0000000000
-1.6857619661 -1.8030340619 1.0574910088 0.6604733258 0.6851366920 0.0139910618 -0.2483307010 0.3070030312 4.8554523789 0.6342209244 0.0369573350 0.9069823603 0.4059052359 0.4395544740 2.3997622375 0.3381515451 0.7944966514 0.7865573588 0.5159277218 0.8711729719
0.0000000000
-4.7587910107 -1.5228716918 -0.7596221927 7.0149476550 0.9131374093 -0.0096783909 -0.9139887849 0.1161850918 2.4201096906 0.2502312101 0.2834529031 0.0956878431 0.5632453486 1.5228882234 1.8615507440 -0.0058496753 0.6305618644 0.0706897183 0.8965595983 0.4182122779
0.0000000000
1.0819594592 2.6285742350 -0.0923796032 7.8316916505 -0.0045953351 0.0686771642 1.0579313474 0.0885872574 -3.4021922882 0.2204104669 0.9009542016 0.3872541473 0.2994199302 -1.0366967133 -7.1824223664 0.1246362905 0.3404606251 0.6341253430 0.6417115806 0.8073902520
0.0000000000
-7.4102123722 0.3514300648 -0.4546608392 3.0698746664 0.5639442590 0.4220225479 0.2960431016 0.6148713320 -4.2329918762 0.0230924141 0.6405383187 0.4549158672 0.2494085729 7.6817225262 3.0988788731 0.5925366643 0.3406298463 0.6560903855 0.7950698099 0.9997960862
0.0000000000
-2.2266016394 -1.1317690303 0.2172620318 0.0062133454 0.9494857133 0.1185414092 0.2750745022 0.4885008976 3.7562039307 0.8687701941 0.9923883376 0.5197443296 0.5584444929 0.4631402747 0.0151459879 0.0724584969 0.0996001182 0.4711223014 0.3801302674 0.8311278367
0.0000000000
1.9037960186 -1.1174204302 -0.0503880734 -2.5714981327 0.1792591107 0.7521935843 -0.9514052215 0.0187107877 0.9687502927 0.9134137913 0.9849882323 0.6913212021 0.7013610825 -0.6143047178 5.5309494819 0.5205176351 0.1074871051 0.9662905254 0.9132608337 0.0269044555
0.0000000000
-0.2312757528 -0.4099950089 -0.0813626260 -0.0956676119 0.2087467631 0.7137751289 0.8363474746 0.8502096350 0.5245280105 0.3339399420 0.7506350746 0.4797538985 0.1362287396 0.3285746662 -1.1918413520 0.0517368130 0.1325101095 0.7803277400 0.7681409466 0.7239928094
0.0000000000
0.6272690578 0.2173972137 0.1376226034 0.3386454969 0.6788628490 0.8963669716 0.8506088933 0.7374062199 0.7943882328 0.4977925868 0.5060854870 0.3933557618 0.6305706375 0.7692781769 0.6179974659 0.7061086884 0.0505918137 0.5395031951 0.0131866963 0.7492293473
0.0000000000
-3.1420307576 -0.4851927597 -0.0732871988 -1.4490715590 0.9165303116 0.6676153766 0.3773236367 0.8914256637 -1.2802603952 0.1477045838 0.5743073878 0.8604340226 0.4310330028 -1.5060403663 0.3436441603 0.1603243086 0.6739331100 0.8309831021 0.2403360464 0.1805588102
0.0000000000
3.1597490464 4.2269830586 0.4079084192 -4.5832192460 0.6900362685 -0.0952805081 -0.2643421854 0.9242190992 3.4592039829 0.2283917868 0.8216656446 0.7512773827 0.6893926358 -5.3727219545 -4.1187852499 0.9176424258 0.3793311858 0.6747342198 0.2260487536 0.2198874182
0.0000000000
0.3813384739 -0.2392024121 1.0066739306 -6.3799549968 0.1295230972 0.8199937119 1.2751751593 0.2426422544 -3.6166547662 0.6218733584 0.5623166483 0.4844290104 0.0455076722 -7.9071365302 -4.8425651980 0.5988535751 0.3265082456 0.5038925842 0.5501522655 0.8194107027
0.0000000000
-3.7225497900 -3.3894693718 -0.4269812142 -0.5668092227 0.5203334132 0.5587480718 -2.4338381151 0.8503401657 -2.8369669843 0.7942964469 0.4292978254 0.2114021557 0.6376409016 -3.4019613545 4.9164815244 0.0873760348 0.4478483061 0.7748675376 0.7940645836 0.7564961337
0.0000000000
1.9302488517 -0.3383936081 1.3332974632 0.1318387183 0.1762978722 0.3923547608 -4.8127644949 0.2317613903 2.4091793239 0.9141747151 0.1246324567 0.1915083435 0.3211202196 -2.7005886813 11.6420210218 0.9344788084 0.9808754967 0.3477862433 0.2044843203 0.8410984325
0.0000000000
-2.9202840539 -0.9289175138 0.4542119068 -0.8246241567 -0.0308314051 -0.0085496645 -1.5686181207 0.1499436197 1.2823017929 0.5421663411 0.2773855569 0.5145456181 0.2548422169 1.1929582212 9.8495398476 0.9714000902 0.8599594745 0.4428145741 0.8873890797 0.7425830936
0.0000000000
-1.7608245482 0.8109712272 0.2336192219 -1.0779953289 0.6449626099 0.1523761803 0.0555621255 0.6738317835 -1.7398492848 0.3085645784 0.6827270227 0.6732933236 0.9453266129 0.0017256787 0.7609836122 0.6319330856 0.2703306218 0.2557043620 0.1193211317 0.0099139253
0.0000000000
0.4618063169 0.6741512528 0.0247508202 0.5144015494 0.9085201685 0.4312598771 0.3597241806 0.3728205570 0.4713333669 0.1358694954 0.5098474563 0.0434590836 0.4805400151 0.5562290127 0.2331139590 0.8732289257 0.0983300238 0.7532596433 0.2896413312 0.2017931154
0.0000000000
7.0627431552 1.4294078093 0.4671472685 0.3308572668 0.8119116574 0.9498271841 -0.2011227781 0.8571221873 0.3321832484 0.4934748021 0.8070424094 -0.0350731730 0.0061833945 -4.5013436297 -1.2077419396 0.0675782748 0.7037089427 0.9502537730 0.3485382141 0.1589003614
0.0000000000
3.3268136687 1.5339998082 0.5537826776 -1.0257008006 0.3617102911 -0.1443371400 1.5723475340 0.4208642971 -0.1865984675 0.0514366842 0.9975963009 -0.0088194488 0.9585313142 -6.2036861522 -3.7618371916 0.2651134747 0.9174142834 0.7884511194 0.2300632637 0.5786335901
0.0000000000
3.2928124295 3.2575742432 0.8272278897 -3.6713967338 0.2849872543 0.4501653072 1.5455579635 0.3409626176 1.4682638990 0.6400818128 0.0562964145 0.8817373641 0.9013381927 2.1556735191 4.0483670387 0.2952245483 0.6412532351 0.4372719033 0.2251936481 0.3234477718
0.0000000000
-5.5309717164 -1.2443233759 0.1706961779 -4.3921786053 0.0513716649 0.4697866944 4.2199703052 0.8716587246 -3.1227060777 0.3726283727 0.3288811550 0.7759021105 0.5328609500 0.7333618233 2.2181338845 0.5977868046 0.5930207888 0.9384208319 0.8843215664 0.9160642930
0.0000000000
-1.7464533411 1.4828776620 1.5609831345 1.2796550808 0.2583093073 0.0183089678 -0.6251693889 0.1951555275 -1.4460200399 0.0844327231 0.1708179509 0.6753776957 0.9679299840 -9.1557472698 -1.9672153158 0.3722097769 0.0094849358 0.0287964064 0.9935662069 0.5987115330
0.0000000000
6.6070835524 2.7006734602 0.7947363385 2.2067963376 0.7519548150 0.3440510548 -3.5806257365 0.8918971845 -2.4066406895 0.8594138798 0.1816532419 0.5832508619 0.2980499800 2.5523969582 11.3268312393 0.7736067690 0.2011315006 0.3736066422 0.4652711030 0.8477513790
0.0000000000
0.8314378114 0.9781894012 0.0186160765 0.7282932554 0.2903906146 0.3809461454 0.7309662702 0.6138163118 0.3032663403 0.2871762284 0.3787643307 0.8736128934 0.9573619350 0.8718375655 0.5158958181 0.2543951875 0.0242338508 0.2793360571 0.7630299988 0.2365878892
0.0000000000
0.5607760258 0.1156974092 0.8731931661 0.6588814940 0.4409617450 0.7780100437 0.9145183820 0.6573367134 0.6876953858 0.1845095807 0.3638413581 0.0155763572 0.3540123047 0.3684879461 0.9959552940 0.3020151667 0.7126013583 0.3371674532 0.8706628663 0.6202898473
0.0000000000
6.6750797445 -0.7136220412 0.3912353070 4.9115021389 0.4715367415 0.7874025663 0.0713333145 0.3236733499 -5.0452800036 0.0340525615 0.1482546466 0.3788671696 0.2565632743 -0.1240947346 -4.6136731188 0.8509750783 0.1619927468 0.0642468221 0.7184236063 0.2155241755
0.0000000000
1.2091010597 2.9525109943 0.5803953576 1.3573714388 0.1112003284 -0.0393890042 2.2344063715 0.7035099728 -5.4867104011 0.2018757696 0.4083161919 0.1479725444 0.7376039066 2.3406080389 3.5786726412 0.3118864271 0.1830711949 0.9776874586 0.8142985718 0.8726839529
0.0000000000
-4.9685736983 -0.2258329503 -0.0185334769 -1.1810180426 0.0694187064 0.8816627935 5.0140560492 0.1892590021 1.9600888492 0.3173679752 0.7265116782 0.1859641511 0.8242731652 -1.4821393540 0.3562463824 0.5784024505 0.7949830667 0.1303465108 0.9906709930 0.1184215194
0.0000000000
1.3569784226 -0.5782229747 0.7007379879 -3.1639819500 0.9934383419 -0.0368136198 1.1111119713 0.3833732150 -3.0398317185 0.3917908207 0.8256191254 0.4346819346 0.9667617279 0.7312588906 1.5192754746 0.4348212729 0.6784758649 0.2539011051 0.4853360844 0.8606824496
0.0000000000
1.4993910197 -4.2909494974 0.2405137237 -0.5175013951 0.5868788208 0.2033281151 4.5203855999 0.8000561748 -9.4538711709 0.8406146532 0.1344131044 0.8308796700 0.6025486122 3.1377505915 4.2582759840 0.0430577217 -0.0108180755 0.8570036399 0.0968311814 0.5241965306
0.0000000000
6.5001028686 2.1683782400 0.1719445599 4.0100195671 0.8274935209 0.3648883423 -2.7022701785 0.3766579708 0.4530999348 0.3375004916 0.8305063956 0.8246096306 0.2930207524 -4.7460289085 -1.8024571722 0.6198473112 0.9192946129 0.6631103482 0.1437609436 0.2792732938
0.0000000000
0.7439802240 0.8938261055 0.5632496109 0.0101321451 0.3678395947 0.5078585162 0.0242011780 0.4388561663 0.4848170415 0.4337900937 0.9568163091 0.8868068484 0.2731101413 0.0652485733 0.8955656606 0.1043427839 0.9194006165 0.0283516953 0.9039887692 0.5753349406
0.0000000000
0.8386224620 0.3005572986 0.9623080026 0.2581343410 0.5487187443 0.9818508585 0.7708174639 0.5350620783 0.1260547255 0.9936604892 0.2421867218 0.1229321437 0.8256456936 0.5093007030 0.2695945456 0.1611468612 0.7043327152 0.9090238855 0.7507696179 0.4781665634
0.0000000000
4.2414228636 -0.1196779063 0.4386095945 0.7113968053 0.1072068753 0.0346764261 -0.3220786125 0.5966207417 -6.2949457348 0.0298619007 0.9481233278 0.5223853338 0.9154285620 3.0140726675 9.2319018014 0.4981931333 0.5115399218 0.7494967702 0.9137402971 0.8882464423
0.0000000000
6.6657884909 -0.3538207667 -0.5695027964 -10.3854933798 0.2658408749 0.7834756372 -3.7136475661 0.9058759389 6.0615844368 0.5340567569 0.6339935923 0.0917812271 0.4223424279 13.8658961053 2.0801452721 0.2878582322 0.5434019805 0.2456479907 0.7284924178 0.6472164976
0.0000000000
1.7765234397 0.0039247563 0.1682559646 -7.3905946464 0.6328247441 1.0402824929 -1.9499400191 0.4757575878 -9.3357657881 0.2016425408 0.9094393186 0.4947178709 0.6432548233 7.8854565985 -1.4882748837 0.4662479437 0.5109506663 0.7024947360 0.5231613746 0.0880530356
0.0000000000
2.2093518234 -0.7781966907 0.4934036032 -5.1921946122 0.7324582795 0.0527289012 3.8397405010 0.9749894826 -6.0491141084 0.6088306105 0.8060566475 0.4001264523 0.0747118465 -0.5206023518 5.4117620768 0.4045625923 0.9784094989 0.1394072451 0.2021173064 0.0273584312
0.0000000000
4.6369093015 -0.9486072360 -0.1738685802 4.4059888050 0.1471823250 0.6433800615 2.2750169890 0.8592199390 -0.8504006443 0.7350589619 0.3842366333 0.0490444047 0.2274628520 -3.6214623568 2.8710134257 0.1454420865 0.3799855485 0.6211249307 0.3032633969 0.1721525606
0.0000000000
0.1163706200 2.3913388148 0.4056168297 3.3686208798 0.8879251110 0.1589858341 4.9121076107 0.6268243174 9.2280618762 0.7279946460 0.6652291367 0.8623935122 0.6289550513 6.8244442388 4.5029964652 0.8199558813 0.1173964288 0.8428840484 0.6249078004 0.9780868186
0.0000000000
0.8600891110 1.1032956333 0.4708596372 0.8557314214 0.2418455127 0.4005824557 0.7415765142 0.8607373122 3.6102544881 0.6598333696 0.9227421551 0.4814416779 0.7340547785 0.5857071010 0.0011122958 0.7528755370 0.9504239820 0.3990699962 0.2166282602 0.9132072194
0.0000000000
0.2739652854 0.5346402881 0.0304995481 0.7881425345 0.8209223124 0.7645280192 0.2453652152 0.2922286470 0.6505250968 0.2402029217 0.4621341149 0.3697860188 0.0088675625 0.2594367876 0.9997213782 0.9489051088 0.0192604129 0.3082992294 0.3840296203 0.4950672837
0.0000000000
-2.0320226436 0.2522906204 0.3858079079 -2.9302649828 0.1768171940 0.9222986121 -1.6682961080 0.8317541842 -5.5014293655 0.7278255680 0.2372639612 1.0110070140 0.0908453033 -1.3822632680 1.6788697940 0.9326009716 0.9417562592 0.4276175592 0.5257791096 0.7021184595
0.0000000000
0.1827627445 0.7395500323 0.0416449096 -2.3838302500 0.4093821889 0.3815339346 -0.8019920514 0.1642342150 -0.6146236140 0.5900658498 0.2424610783 0.1426054508 0.9013649239 -2.3646306541 -2.9636889592 0.9613523353 0.7728336985 0.9656759257 0.7177590583 0.0799375548
0.0000000000
4.8310425736 -1.1483957271 -0.1035549216 1.9232344783 0.2059232389 0.3025723655 -4.7700731908 0.4648255190 3.4279672142 0.6743650666 0.9104414324 0.9356016128 0.3029762620 3.2774533937 -2.2318539631 0.5877525234 0.2138664967 0.2020193659 0.3340736590 0.6079548676
0.0000000000
-3.3011529912 -0.9098761732 -0.1378103415 -3.0601635328 0.4695280376 0.8408501218 -0.9006919008 0.5429708047 1.8385392809 0.0316264869 0.6226698108 0.2903977749 0.8679649713 0.3875051590 -6.9175360500 0.9193818669 -0.0360095156 0.9473161055 1.0021678602 0.3257794582
0.0000000000
-1.2035110167 -1.5183188292 -0.1864392313 -4.7224782758 0.4746791157 0.8978184701 -1.9540899089 0.3814983411 8.7241240445 0.3301612583 0.7693183370 0.7006549469 0.5067423046 6.1467859054 -1.8304108929 0.1404935604 0.7746608116 0.5495604536 0.6028740870 0.3495471361
0.0000000000
1.9243645768 1.5246851085 0.3185334641 -4.8728318167 0.1167136712 0.0851643887 -1.5147055986 0.6586769912 4.4367921502 0.9539996372 0.8036271782 0.9598059596 0.9233810989 -3.0486334450 -0.9486577391 0.0250923481 0.1353357864 0.5979097434 0.3255328565 0.4245515940
0.0000000000
0.2551907523 0.8536916056 0.2049524737 -1.5053991055 0.5327929194 0.2817203015 -1.2371654418 0.0547270337 0.0947048975 0.2989126939 0.1432793325 0.4711674854 0.6763052401 -2.5044937672 0.1059211495 0.8027678473 0.6477931879 0.8069272580 0.4443800085 0.0602035448
0.0000000000
0.1338155142 0.1877722615 0.0147623157 0.6246819826 0.0885885560 0.7475203024 0.2850834712 0.5607767775 0.1599500282 0.9632258197 0.3787343268 0.2734160077 0.6066167031 0.7324138387 0.9179878715 0.1231725009 0.8504601005 0.2565079643 0.7037264282 0.5782343447
0.0000000000
-2.5350838835 -0.9734962417 0.1121033645 2.2714971056 0.6292538351 0.3012387448 -0.0507624242 0.3401220900 -1.7027549010 0.0548917978 0.6079294814 0.8646400102 0.1929997344 3.6684097007 1.9845097120 0.4746202154 0.1193260601 0.2297368812 0.6930896953 0.6541242542
0.0000000000
-2.9105406334 -2.2713033564 1.0024777655 -0.1753607472 0.5530198698 0.8575256803 0.4419292195 0.8342037438 3.3129511674 0.0583529355 0.5673490151 0.4193069329 0.6574663895 2.7250821642 0.3964296703 0.5312263009 0.7601205041 0.9767611049 0.3114390471 0.5405490015
0.0000000000
-4.1730223449 0.2599991812 -0.0143876287 1.9211623959 0.0743972512 0.8501536709 0.1704026367 0.4692485620 9.0411504214 0.9851804753 0.1183830966 0.0396515090 0.1849637264 2.4427932000 -3.1297138038 0.7685018994 0.7852477065 0.7061992277 0.4995492225 0.5652185906
0.0000000000
-0.0823034670 -1.8885401839 -0.5127990943 -3.4585176077 0.4670140160 0.7960201558 0.5741731227 0.9264403983 5.0906005990 0.9728372013 0.9332435156 -0.0571480872 0.6163767238 -0.1707203316 0.2945481944 0.3425838868 -0.0334930758 0.6743901736 0.1081894657 0.6105698471
0.0000000000
-1.7522213919 -2.8863366978 -0.6841676700 -2.2531627118 0.5358809432 0.3730415379 0.3543094268 0.3927882400 -0.0813842076 0.6898434928 0.2781881499 0.6216719139 0.7915524300 -0.0486527298 -1.8006593114 0.8578117150 0.8483530927 0.9726892915 0.3780355523 0.9587222854
0.0000000000
-7.9297601196 -2.0641892531 0.1651141423 -2.6817028357 1.0181408936 0.1353334638 -2.0073021795 0.7068338138 1.7154035194 0.0579189953 0.0020476933 0.9621257293 0.8649553877 2.7607545553 -6.9534685651 0.0375401547 0.8390464977 0.3769132364 0.4479147864 0.2852257360
0.0000000000
-0.5049759852 0.9049598684 0.4146756913 -9.0968147375 0.3694985294 0.9739306747 -1.6076754481 0.8050210966 -5.0242164773 0.4090282749 0.9431870238 0.4204699277 0.8090086487 -0.0020117618 -2.5021616464 0.1545163661 0.2692825180 0.6123714879 0.1204689737 0.5813899749
0.0000000000
11.9810693256 -15.9597964828 -13.5269601276 -13.7445691276 16.5285794653 -8.1588914869 9.0565829591 -4.9886869130 -8.7435860593 -11.7702880814
0.0000000000
3.7286482018 -1.8986946977 -10.3535717315 -8.7429836664 0.1066115037 7.5239692389 -2.4842941985 1.4468987619 8.6589922672 1.1946944391
0.0000000000
-2.2732020555 2.6180345454 -1.4302074410 -2.6206223994 -0.9670106546 -1.4105616798 -3.1190187524 -1.6156690615 -1.0713687575 -1.1812807883
0.0000000000
7.7519666100 -15.8574909239 -2.1558368936 10.3692072698 -5.6267227683 12.1787977917 -13.5634100492 9.4730605504 -8.8589062401 10.4184590010
0.0000000000
-2.2661158744 0.1344774050 -0.2506942646 -2.1782549695 -0.6782140429 -0.8019290699 -1.1784521447 -1.6236085432 -2.1353537094 -1.2310772543
0.0000000000
-1.7800500997 0.2615847317 -0.1967100371 -2.3696720392 -0.4300175071 -1.4374074178 -1.6616544677 -1.1720325882 -2.2285031879 -1.6681393764
0.0000000000
-6.0305459874 8.8932415365 -11.4554076268 8.9304061411 2.5216449780 3.7896322044 6.6198851111 -2.3386120129 6.1315133387 -1.9580952099
0.0000000000
-2.0493092344 0.7343951961 -0.3711847238 -2.9586366039 -0.7342212536 -0.6742885855 -1.9729368728 -1.8419893399 -2.4030458688 -0.8053930716
0.0000000000
12.1258407285 -8.2180890533 10.9148105081 9.4251024491 -9.8547554156 0.1455571909 11.3795605809 -10.3489629881 12.4408713310 1.1727693541
0.0000000000
-2.5466095955 0.7306766242 0.2166504267 -2.5559616920 -0.8161964994 -1.5243027789 -1.9687235993 -1.5654777020 -2.8046496218 -1.5130410116
0.0000000000
-1.7570821700 0.7244990312 -0.5555233615 -2.7299991059 -0.5818068698 -1.1484536778 -1.7893702772 -1.7796472640 -2.6213660818 -0.7191314466
0.0000000000
-2.6696209104 0.3192419525 0.0742886430 -2.5130720961 -0.4144590250 -1.7310976552 -1.2236658727 -1.9471026359 -2.4498981794 -0.8565124316
0.0000000000
-2.1872869182 0.2776164555 0.0164913915 -2.6679921816 -0.8886438422 -1.0770702821 -1.2238680412 -1.0549591791 -2.6973477619 -0.9002198491
0.0000000000
2.7806191582 -4.6800275333 6.3869731424 9.8043286227 -5.8796562956 1.7874442420 3.9587490794 11.4608311296 7.1465478288 -11.9814300041
0.0000000000
7.0142386570 -6.1676306580 -6.6224585749 4.6733339365 2.9792652186 -12.1461094552 -6.1990332175 9.1858595453 12.1455885869 12.8913357429
0.0000000000
-2.3290553725 -0.0009797263 -0.4713656334 -2.9172246124 -0.1904521872 -0.9799613518 -1.1757418598 -1.8801760266 -2.5303336485 -1.2614848093
0.0000000000
-2.4998617480 0.6534068573 0.1248208154 -2.5922438585 -0.6871943344 -1.0021662539 -1.5380484723 -1.0524815227 -2.8989024918 -0.7484504945
0.0000000000
-2.7235651156 -0.0352585240 -0.3013901085 -2.9197862065 -1.1254159557 -1.0809191520 -1.1802325653 -1.2062169108 -2.1518705997 -1.2017796756
0.0000000000
-2.3328666060 0.6476373680 0.2851672803 -2.3983665390 -0.1979094298 -0.7951264416 -1.0266923122 -1.8776740775 -2.5126676946 -0.7104444817
0.0000000000
-2.1445856897 0.2013698913 0.1017468842 -2.8570035489 -0.4059506760 -0.9042165692 -1.5466930052 -1.7548945078 -2.2834823150 -0.9359664165
0.0000000000
0.0000000000
0.0000000000
0.0000000000
0.0000000000
0.0000000000
0.0000000000
0.0000000000
0.0000000000
0.0000000000
